IFUNRN: 0
IRRIGF: 0.0
KMINI: 16.633018686
NMINI: 7.992462338
NOTINF: 0
PMINI: 0.958993187
RTKMINS: 0.04529689184640523
RTNMINS: 0.021765964972766887
RTPMINS: 0.002611637219498911
SMLIM: 0.362
SSI: 0
SSMAX: 0
WAV: 36.199999999999996
WCI: 0.362
