IFUNRN: 0
IRRIGF: 0.0
KMINI: 9.994973531
NMINI: 7.963765642999999
NOTINF: 0
PMINI: 1.1946755176000001
RTKMINS: 0.03050968721306471
RTNMINS: 0.024309418934676433
RTPMINS: 0.0036467506642246647
SMLIM: 0.362
SSI: 0
SSMAX: 0
WAV: 36.199999999999996
WCI: 0.362
