IFUNRN: 0
IRRIGF: 0.0
KMINI: 7.90111572
NMINI: 6.330898675
NOTINF: 0
PMINI: 0.7625980312
RTKMINS: 0.021517199673202616
RTNMINS: 0.017241009463507626
RTPMINS: 0.0020767920239651416
SMLIM: 0.362
SSI: 0
SSMAX: 0
WAV: 36.199999999999996
WCI: 0.362
