IFUNRN: 0
IRRIGF: 0.0
KMINI: 6.191795269
NMINI: 5.65096229
NOTINF: 0
PMINI: 0.763806503
RTKMINS: 0.01890047395909646
RTNMINS: 0.01724957963980464
RTPMINS: 0.002331521681929182
SMLIM: 0.362
SSI: 0
SSMAX: 0
WAV: 36.199999999999996
WCI: 0.362
