IFUNRN: 0
IRRIGF: 0.0
KMINI: 6.899706020999999
NMINI: 10.8488017
NOTINF: 0
PMINI: 1.11092464
RTKMINS: 0.022884597084577112
RTNMINS: 0.03598275854063018
RTPMINS: 0.0036846588391376447
SMLIM: 0.31
SSI: 0
SSMAX: 0
WAV: 68.2
WCI: 0.31
