IFUNRN: 0
IRRIGF: 0.0
KMINI: 12.275742547
NMINI: 14.428806902
NOTINF: 0
PMINI: 1.8173319591000003
RTKMINS: 0.04071556400331675
RTNMINS: 0.047856739310116095
RTPMINS: 0.006027635021890548
SMLIM: 0.31
SSI: 0
SSMAX: 0
WAV: 68.2
WCI: 0.31
