IFUNRN: 0
IRRIGF: 0.0
KMINI: 5.83131588
NMINI: 8.415484867
NOTINF: 0
PMINI: 0.9150488281
RTKMINS: 0.014929124116743473
RTNMINS: 0.021545020140809015
RTPMINS: 0.0023426749311315927
SMLIM: 0.362
SSI: 0
SSMAX: 0
WAV: 79.64000000000001
WCI: 0.362
