IFUNRN: 0
IRRIGF: 0.0
KMINI: 7.669304208
NMINI: 9.010176690300002
NOTINF: 0
PMINI: 1.5267286329999998
RTKMINS: 0.01963467539170507
RTNMINS: 0.02306752864900154
RTPMINS: 0.003908675455709165
SMLIM: 0.362
SSI: 0
SSMAX: 0
WAV: 79.64000000000001
WCI: 0.362
