IFUNRN: 0
IRRIGF: 0.0
KMINI: 6.6355257398
NMINI: 18.074493383999997
NOTINF: 0
PMINI: 2.8630574340000003
RTKMINS: 0.019660817006814817
RTNMINS: 0.0535540544711111
RTPMINS: 0.008483133137777779
SMLIM: 0.31
SSI: 0
SSMAX: 0
WAV: 99.2
WCI: 0.31
