IFUNRN: 0
IRRIGF: 0.0
KMINI: 5.916240844
NMINI: 13.35595667
NOTINF: 0
PMINI: 1.5613697039999999
RTKMINS: 0.017529602500740742
RTNMINS: 0.03957320494814815
RTPMINS: 0.004626280604444444
SMLIM: 0.31
SSI: 0
SSMAX: 0
WAV: 99.2
WCI: 0.31
