IFUNRN: 0
IRRIGF: 0.0
KMINI: 6.0168205299999995
NMINI: 25.688435008
NOTINF: 0
PMINI: 3.1355999199999998
RTKMINS: 0.015298297813374015
RTNMINS: 0.06531511570811085
RTPMINS: 0.007972539842359521
SMLIM: 0.31
SSI: 0
SSMAX: 0
WAV: 99.2
WCI: 0.31
