IFUNRN: 0
IRRIGF: 0.0
KMINI: 8.804403877
NMINI: 19.41947452
NOTINF: 0
PMINI: 1.9890586720000003
RTKMINS: 0.022385974769895754
RTNMINS: 0.04937572977370964
RTPMINS: 0.005057357416730232
SMLIM: 0.31
SSI: 0
SSMAX: 0
WAV: 99.2
WCI: 0.31
