CRAIRC: 0.024999999999999967
DRATE: 5.0
KSUB: 5.0
RDMSOL: 220.00000000000003
SM0: 0.487
SMFCF: 0.362
SMW: 0.213
SOPE: 5.0
WCAD: 0.037
WCWET: 0.462
