CRAIRC: 0.02300000000000002
DRATE: 5.0
KSUB: 5.0
RDMSOL: 220.00000000000003
SM0: 0.46
SMFCF: 0.31
SMW: 0.148
SOPE: 5.0
WCAD: 0.049
WCWET: 0.437
